(49, 6, 210)
(15, 143, 179)
(201, 118, 6)
(61, 252, 189)
(42, 116, 131)
(120, 238, 197)
(61, 92, 149)
(205, 81, 1)
(108, 158, 240)
(246, 223, 149)
(127, 0, 85)
(178, 58, 96)
(254, 18, 149)
(80, 251, 147)
(169, 103, 37)
(54, 4, 113)
(228, 44, 179)
(38, 229, 85)
(122, 212, 101)
(205, 211, 110)
(253, 178, 162)
(149, 47, 231)
(145, 97, 11)
(135, 156, 216)
(121, 198, 101)
(160, 157, 188)
(20, 70, 232)
(216, 137, 26)
(234, 2, 225)
(129, 124, 209)
(36, 105, 79)
(41, 206, 106)
(9, 193, 132)
(149, 147, 172)
(53, 221, 31)
(207, 180, 176)
(31, 145, 227)
(3, 8, 175)
(159, 240, 242)
(37, 147, 158)
(94, 237, 219)
(96, 82, 253)
(169, 151, 28)
(205, 232, 151)
(71, 171, 120)
(76, 173, 215)
(104, 105, 16)
(230, 104, 46)
(27, 88, 36)
(104, 203, 242)
(222, 30, 223)
(5, 213, 105)
(27, 216, 63)
(248, 63, 42)
(46, 166, 125)
(58, 234, 65)
(197, 186, 10)
(60, 210, 190)
(17, 62, 219)
(248, 195, 188)
(190, 172, 174)
(172, 78, 26)
(11, 115, 77)
(26, 193, 95)
(178, 146, 50)
(126, 57, 61)
(154, 32, 54)
(116, 140, 188)
(31, 64, 212)
(153, 44, 40)
(214, 138, 229)
(130, 194, 192)
(121, 27, 43)
(250, 212, 198)
(71, 64, 251)
(204, 189, 215)
(187, 5, 227)
(79, 171, 5)
(9, 146, 233)
(217, 223, 18)
(216, 174, 99)
(202, 51, 187)
(118, 160, 242)
(6, 102, 233)
(202, 68, 219)
(183, 233, 137)
(226, 136, 170)
(19, 73, 134)
(170, 155, 20)
(96, 148, 174)
(70, 30, 15)
(193, 38, 22)
(100, 72, 240)
(17, 144, 41)
(255, 48, 224)
(249, 236, 109)
(135, 6, 242)
(130, 20, 20)
(42, 57, 152)
(55, 53, 41)
(113, 255, 97)
(113, 14, 140)
(248, 3, 89)
(7, 15, 119)
(36, 192, 210)
(30, 188, 77)
(153, 115, 133)
(155, 222, 21)
(66, 48, 145)
(103, 107, 184)
(212, 1, 220)
(10, 66, 118)
(1, 70, 1)
(109, 24, 208)
(199, 64, 150)
(181, 59, 62)
(39, 172, 171)
(92, 15, 132)
(121, 22, 147)
(37, 71, 243)
(126, 55, 246)
(144, 171, 159)
(160, 119, 133)
(238, 185, 3)
(246, 121, 172)
(239, 236, 176)
(89, 146, 9)
(183, 187, 28)
(49, 34, 255)
(115, 25, 92)
(192, 197, 190)
(184, 86, 242)
(77, 191, 195)
(193, 86, 11)
(91, 199, 80)
(38, 51, 66)
(28, 108, 111)
(57, 105, 177)
(128, 28, 156)
(63, 91, 221)
(195, 57, 120)
(96, 105, 202)
(125, 134, 191)
(225, 148, 208)
(13, 112, 62)
(234, 143, 66)
(215, 187, 28)
(165, 108, 247)
(125, 62, 184)
(153, 105, 182)
(44, 134, 55)
(174, 237, 245)
(143, 14, 211)
(213, 170, 211)
(90, 220, 124)
(164, 9, 36)
(142, 44, 204)
(100, 242, 225)
(190, 194, 190)
(248, 62, 91)
(165, 43, 118)
(77, 217, 224)
(159, 200, 204)
(83, 159, 115)
(238, 50, 113)
(38, 77, 199)
(199, 117, 132)
(55, 255, 227)
(61, 154, 7)
(5, 186, 249)
(239, 179, 134)
(121, 252, 200)
(155, 147, 194)
(225, 148, 104)
(246, 199, 225)
(169, 117, 119)
(228, 171, 95)
(82, 113, 161)
(193, 251, 100)
(3, 31, 164)
(130, 61, 98)
(164, 1, 51)
(36, 121, 36)
(105, 228, 248)
(53, 221, 160)
(129, 137, 122)
(87, 114, 166)
(159, 92, 107)
(120, 59, 197)
(204, 225, 20)
(186, 224, 173)
(13, 58, 69)
(49, 125, 155)
(25, 55, 255)
(71, 214, 223)
(75, 13, 147)
(127, 229, 221)
(115, 72, 96)
(92, 103, 96)
(224, 62, 7)
(197, 50, 8)
(231, 71, 94)
(94, 111, 120)
(197, 113, 42)
(55, 126, 212)
(206, 117, 252)
(118, 180, 243)
(0, 7, 110)
(26, 120, 235)
(106, 1, 201)
(233, 31, 178)
(119, 176, 121)
(51, 157, 157)
(254, 243, 28)
(250, 212, 47)
(106, 15, 119)
(143, 66, 49)
(148, 107, 230)
(56, 49, 58)
(208, 90, 74)
(163, 253, 117)
(234, 123, 204)
(199, 69, 174)
(200, 204, 58)
(40, 60, 48)
(249, 8, 96)
(226, 24, 183)
(225, 182, 222)
(79, 84, 198)
(62, 92, 124)
(225, 137, 133)
(29, 58, 51)
(87, 119, 143)
(252, 130, 151)
(86, 18, 167)
(235, 234, 203)
(157, 186, 255)
(130, 151, 164)
(115, 106, 33)
(234, 153, 177)
(158, 158, 118)
(66, 6, 36)
(103, 71, 7)
(115, 80, 14)
(12, 71, 140)
(207, 46, 17)
(36, 139, 210)
(43, 143, 119)
(240, 221, 229)
(244, 141, 34)
(3, 57, 58)
(161, 148, 154)
(239, 157, 118)
(241, 13, 113)
(41, 80, 163)
(210, 240, 167)
(178, 8, 103)
(24, 39, 53)
(85, 82, 163)
(187, 122, 144)
(222, 51, 142)
(55, 218, 6)
(148, 245, 173)
(126, 50, 106)
(154, 33, 224)
(234, 145, 194)
(193, 249, 77)
(179, 89, 203)
(187, 235, 78)
(25, 11, 0)
(148, 165, 152)
(33, 99, 50)
(207, 190, 87)
(74, 224, 102)
(58, 254, 91)
(111, 88, 147)
(131, 159, 231)
(254, 237, 38)
(164, 105, 36)
(128, 205, 232)
(205, 136, 225)
(67, 13, 190)
(168, 1, 211)
(254, 170, 226)
(182, 94, 31)
(165, 181, 204)
(146, 192, 245)
(221, 17, 93)
(123, 131, 113)
(120, 90, 68)
(98, 71, 97)
(37, 222, 189)
(152, 169, 101)
(164, 103, 117)
(39, 180, 18)
(101, 173, 230)
(191, 47, 151)
(215, 209, 198)
(196, 243, 234)
(3, 100, 85)
(33, 83, 119)
(51, 203, 199)
(213, 119, 90)
(103, 163, 150)
(81, 20, 208)
(65, 202, 53)
(51, 83, 157)
(96, 95, 216)
(105, 219, 154)
(168, 17, 200)
(173, 97, 109)
(82, 69, 95)
(145, 189, 77)
(25, 123, 116)
(94, 202, 208)
(135, 15, 88)
(135, 159, 171)
(149, 176, 135)
(63, 130, 185)
(251, 200, 210)
(141, 197, 0)
(32, 23, 18)
(1, 52, 1)
(89, 1, 108)
(197, 55, 184)
(111, 194, 195)
(38, 35, 142)
(106, 70, 122)
(222, 194, 4)
(152, 149, 29)
(9, 83, 138)
(25, 165, 139)
(64, 251, 217)
(131, 58, 246)
(20, 251, 7)
(192, 181, 86)
(102, 66, 219)
(211, 245, 164)
(117, 224, 17)
(248, 16, 63)
(38, 252, 65)
(232, 13, 232)
(155, 21, 207)
(50, 54, 220)
(117, 210, 44)
(127, 192, 118)
(99, 23, 2)
(149, 164, 143)
(12, 103, 214)
(42, 188, 28)
(121, 154, 121)
(41, 142, 237)
(176, 190, 190)
(162, 22, 28)
(36, 187, 190)
(122, 4, 179)
(14, 170, 42)
(12, 233, 134)
(192, 18, 121)
(11, 239, 248)
(159, 203, 38)
(70, 134, 216)
(60, 170, 36)
(163, 199, 56)
(195, 194, 100)
(170, 13, 157)
(198, 134, 137)
(105, 2, 55)
(204, 34, 164)
(230, 37, 243)
(8, 73, 121)
(200, 236, 92)
(106, 103, 140)
(47, 54, 212)
(45, 20, 203)
(38, 245, 11)
(24, 161, 25)
(249, 248, 132)
(238, 143, 104)
(55, 83, 58)
(99, 58, 86)
(198, 155, 240)
(218, 246, 234)
(122, 240, 13)
(72, 49, 79)
(253, 43, 62)
(237, 81, 205)
(97, 127, 165)
(238, 152, 89)
(1, 191, 154)
(23, 134, 133)
(8, 245, 201)
(51, 200, 166)
(235, 129, 63)
(191, 232, 173)
(75, 192, 87)
(189, 87, 130)
(106, 52, 13)
(71, 174, 212)
(223, 208, 50)
(109, 50, 210)
(100, 28, 147)
(99, 219, 252)
(186, 179, 242)
(163, 44, 127)
(22, 36, 120)
(15, 0, 9)
(216, 203, 10)
(84, 78, 168)
(217, 125, 54)
(89, 208, 139)
(197, 253, 165)
(33, 147, 128)
(162, 155, 146)
(80, 254, 90)
(221, 193, 23)
(24, 249, 110)
(148, 179, 209)
(4, 254, 151)
(181, 202, 144)
(90, 207, 221)
(74, 35, 136)
(58, 35, 173)
(184, 190, 157)
(149, 147, 76)
(118, 109, 91)
(159, 99, 114)
(131, 70, 8)
(171, 77, 146)
(45, 101, 110)
(222, 47, 218)
(52, 101, 138)
(147, 68, 225)
(181, 45, 64)
(23, 164, 130)
(16, 71, 56)
(26, 136, 154)
(214, 245, 32)
(100, 223, 56)
(117, 142, 190)
(38, 154, 210)
(139, 83, 76)
(36, 77, 113)
(67, 28, 36)
(202, 94, 95)
(38, 242, 241)
(211, 83, 236)
(198, 150, 62)
(98, 20, 79)
(175, 177, 103)
(36, 144, 234)
(42, 236, 210)
(203, 116, 246)
(191, 58, 150)
(26, 176, 114)
(115, 95, 218)
(102, 21, 212)
(63, 101, 65)
(223, 235, 150)
(26, 158, 75)
(158, 115, 16)
(76, 39, 253)
(219, 251, 148)
(58, 238, 230)
(97, 92, 53)
(151, 161, 104)
(171, 183, 210)
(130, 164, 90)
(74, 91, 16)
(12, 0, 128)
(153, 85, 53)
(181, 109, 79)
(167, 215, 70)
(162, 93, 127)
(39, 66, 88)
(6, 68, 79)
(58, 174, 199)
(100, 162, 5)
(243, 73, 102)
(133, 4, 234)
(223, 146, 245)
(115, 184, 31)
(5, 227, 54)
(150, 208, 208)
(133, 215, 95)
(244, 52, 145)
(128, 235, 92)
(93, 115, 156)
(138, 101, 38)
(197, 253, 70)
(61, 157, 192)
(37, 59, 83)
(192, 122, 136)
(187, 146, 165)
(128, 183, 116)
(203, 3, 53)
(143, 111, 69)
(37, 93, 195)
(209, 42, 112)
(66, 242, 250)
(227, 69, 18)
(166, 233, 60)
(76, 166, 148)
(46, 187, 139)
(208, 170, 167)
(232, 217, 26)
(1, 0, 118)
(173, 64, 202)
(242, 95, 105)
(197, 166, 156)
(153, 73, 42)
(157, 65, 7)
(142, 207, 157)
(13, 42, 240)
(35, 143, 149)
(142, 188, 70)
(101, 118, 13)
(243, 46, 185)
(187, 91, 239)
(78, 20, 19)
(167, 17, 189)
(96, 78, 165)
(47, 226, 66)
(206, 187, 96)
(236, 117, 176)
(93, 19, 3)
(188, 219, 80)
(194, 199, 39)
(18, 26, 94)
(170, 195, 144)
(181, 193, 47)
(77, 81, 148)
(248, 32, 125)
(51, 226, 129)
(208, 182, 245)
(239, 87, 80)
(43, 111, 21)
(37, 115, 7)
(244, 13, 214)
(127, 232, 255)
(228, 158, 197)
(130, 43, 4)
(125, 82, 247)
(25, 238, 214)
(216, 132, 204)
(130, 133, 62)
(221, 133, 139)
(63, 22, 111)
(16, 140, 195)
(231, 96, 44)
(200, 94, 152)
(182, 186, 135)
(156, 75, 109)
(144, 211, 50)
(226, 79, 254)
(242, 109, 236)
(11, 77, 103)
(86, 98, 183)
(250, 107, 180)
(78, 17, 13)
(29, 0, 57)
(234, 71, 202)
(44, 127, 191)
(227, 80, 23)
(247, 153, 118)
(47, 160, 229)
(22, 29, 179)
(72, 136, 104)
(198, 36, 204)
(199, 67, 183)
(18, 235, 182)
(160, 255, 173)
(47, 166, 242)
(51, 193, 200)
(19, 237, 25)
(230, 17, 229)
(14, 181, 129)
(124, 175, 125)
(57, 216, 96)
(89, 39, 58)
(90, 235, 201)
(226, 99, 87)
(45, 167, 61)
(221, 199, 141)
(191, 53, 251)
(77, 75, 208)
(173, 38, 46)
(247, 29, 171)
(119, 73, 150)
(184, 101, 142)
(18, 104, 22)
(197, 208, 237)
(115, 122, 201)
(90, 162, 225)
(215, 209, 215)
(249, 166, 47)
(28, 57, 85)
(199, 232, 33)
(176, 220, 188)
(255, 14, 18)
(251, 63, 67)
(102, 172, 134)
(44, 241, 255)
(26, 95, 5)
(105, 241, 153)
(104, 217, 57)
(251, 78, 175)
(132, 226, 73)
(75, 1, 139)
(101, 73, 178)
(136, 175, 78)
(249, 203, 28)
(231, 111, 146)
(80, 68, 19)
(125, 183, 26)
(62, 132, 73)
(166, 99, 229)
(167, 33, 212)
(124, 210, 26)
(29, 246, 33)
(170, 7, 50)
(174, 234, 101)
(91, 122, 24)
(91, 231, 240)
(49, 148, 202)
(114, 125, 246)
(219, 16, 120)
(92, 29, 231)
(243, 55, 223)
(197, 142, 201)
(245, 207, 17)
(179, 61, 224)
(223, 113, 247)
(68, 74, 14)
(128, 139, 34)
(24, 188, 44)
(143, 48, 201)
(143, 228, 9)
(30, 31, 178)
(186, 145, 94)
(57, 163, 147)
(65, 175, 15)
(134, 235, 97)
(84, 81, 121)
(76, 144, 187)
(178, 67, 99)
(191, 162, 106)
(81, 76, 205)
(221, 139, 116)
(173, 182, 243)
(92, 219, 252)
(28, 110, 228)
(48, 115, 91)
(128, 63, 136)
(106, 39, 55)
(53, 167, 226)
(57, 5, 242)
(119, 57, 87)
(7, 175, 136)
(34, 82, 4)
(149, 195, 1)
(28, 192, 178)
(167, 237, 116)
(58, 96, 121)
(203, 242, 4)
(85, 54, 202)
(191, 71, 181)
(193, 163, 255)
(14, 210, 210)
(228, 229, 218)
(249, 251, 232)
(105, 64, 31)
(167, 130, 148)
(130, 188, 239)
(180, 144, 38)
(103, 116, 211)
(192, 43, 93)
(164, 111, 28)
(127, 206, 107)
(179, 179, 160)
(202, 124, 152)
(53, 152, 34)
(126, 255, 216)
(161, 245, 231)
(20, 171, 140)
(6, 203, 153)
(103, 79, 32)
(11, 147, 118)
(98, 154, 162)
(16, 203, 143)
(79, 211, 126)
(106, 72, 80)
(87, 152, 101)
(38, 174, 233)
(159, 113, 141)
(51, 157, 97)
(144, 184, 32)
(198, 204, 250)
(169, 90, 13)
(14, 239, 87)
(204, 247, 80)
(66, 211, 51)
(177, 183, 173)
(2, 26, 129)
(41, 239, 115)
(238, 84, 70)
(190, 66, 88)
(37, 133, 32)
(50, 178, 128)
(117, 110, 230)
(229, 133, 182)
(91, 226, 36)
(159, 74, 151)
(247, 38, 176)
(69, 156, 147)
(41, 116, 249)
(47, 173, 129)
(19, 127, 58)
(33, 158, 107)
(62, 157, 63)
(177, 232, 166)
(161, 225, 56)
(62, 35, 113)
(36, 238, 153)
(179, 74, 168)
(92, 43, 131)
(40, 130, 242)
(251, 82, 67)
(13, 234, 136)
(99, 174, 201)
(156, 51, 69)
(189, 206, 28)
(78, 0, 98)
(58, 158, 137)
(125, 228, 118)
(138, 83, 52)
(52, 228, 255)
(5, 118, 163)
(2, 185, 84)
(209, 118, 114)
(234, 183, 224)
(29, 187, 69)
(173, 171, 4)
(87, 251, 158)
(144, 164, 144)
(118, 56, 190)
(161, 186, 45)
(219, 134, 228)
(82, 161, 255)
(197, 216, 156)
(202, 230, 25)
(184, 65, 205)
(56, 31, 55)
(180, 243, 192)
(160, 176, 27)
(14, 164, 200)
(186, 236, 235)
(90, 55, 36)
(230, 22, 37)
(224, 116, 172)
(210, 20, 240)
(142, 198, 163)
(114, 164, 105)
(103, 224, 104)
(184, 221, 15)
(241, 161, 162)
(191, 228, 224)
(112, 122, 46)
(148, 69, 161)
(87, 244, 161)
(99, 245, 93)
(254, 81, 68)
(4, 185, 234)
(235, 65, 59)
(95, 158, 253)
(222, 11, 233)
(3, 138, 168)
(42, 216, 143)
(158, 222, 181)
(154, 152, 114)
(52, 135, 91)
(25, 164, 0)
(19, 240, 243)
(54, 180, 53)
(101, 200, 89)
(91, 110, 106)
(177, 95, 252)
(118, 184, 130)
(62, 138, 1)
(71, 124, 141)
(63, 104, 81)
(3, 6, 82)
(7, 156, 56)
(237, 220, 5)
(162, 173, 17)
(165, 100, 75)
(135, 94, 5)
(190, 116, 145)
(230, 211, 135)
(31, 58, 243)
(51, 145, 175)
(11, 187, 217)
(234, 175, 8)
(89, 232, 205)
(197, 137, 241)
(79, 209, 104)
(29, 20, 56)
(59, 164, 10)
(23, 113, 81)
(20, 236, 166)
(15, 158, 220)
(125, 126, 28)
(135, 196, 173)
(156, 68, 45)
(30, 153, 66)
(63, 121, 146)
(47, 128, 211)
(232, 211, 89)
(227, 74, 172)
(180, 192, 225)
(243, 114, 19)
(230, 201, 228)
(73, 6, 18)
(39, 136, 85)
(180, 26, 95)
(76, 71, 102)
(43, 26, 134)
(201, 156, 132)
(12, 107, 117)
(100, 214, 86)
(172, 90, 112)
(73, 142, 134)
(50, 207, 120)
(20, 229, 169)
(145, 201, 83)
(66, 247, 29)
(183, 28, 127)
(208, 109, 26)
(101, 171, 87)
(51, 226, 171)
(206, 247, 255)
(213, 239, 170)
(44, 203, 104)
(22, 214, 56)
(169, 190, 146)
(179, 89, 91)
(124, 167, 44)
(230, 144, 72)
(110, 190, 84)
(172, 198, 40)
(4, 10, 190)
(37, 169, 167)
(48, 108, 28)
(242, 164, 112)
(124, 83, 137)
(50, 239, 241)
(95, 183, 73)
(213, 173, 221)
(151, 220, 29)
(10, 72, 242)
(123, 153, 51)
(203, 249, 228)
(24, 173, 66)
(85, 39, 161)
(184, 129, 231)
(162, 210, 67)
(37, 158, 195)
(8, 162, 93)
(212, 235, 159)
(29, 170, 87)
(24, 153, 1)
(198, 187, 202)
(224, 125, 51)
(39, 91, 216)
(5, 17, 15)
(241, 246, 172)
(195, 191, 153)
(52, 179, 162)
(39, 28, 197)
(174, 144, 4)
(150, 30, 203)
(155, 159, 123)
(205, 184, 12)
(193, 228, 65)
(227, 158, 139)
(246, 224, 81)
(25, 214, 125)
(59, 125, 204)
(22, 20, 228)
(73, 177, 168)
(157, 241, 55)
(94, 0, 54)
(182, 135, 157)
(245, 180, 13)
(0, 162, 198)
(158, 241, 210)
(16, 205, 133)
(37, 217, 172)
(245, 219, 159)
(3, 172, 224)
(73, 55, 90)
(29, 103, 213)
(33, 244, 146)
(164, 254, 175)
(194, 246, 95)
(66, 212, 99)
(81, 233, 111)
(88, 103, 252)
(79, 113, 186)
(254, 214, 106)
(107, 221, 196)
(193, 245, 16)
(119, 166, 145)
(49, 52, 171)
(206, 253, 6)
(57, 6, 7)
(68, 52, 239)
(174, 210, 210)
(142, 126, 229)
(10, 59, 112)
(190, 217, 52)
(101, 247, 216)
(85, 163, 163)
(125, 209, 5)
(212, 38, 155)
(123, 238, 33)
(19, 146, 147)
(187, 205, 138)
(118, 24, 208)
(172, 156, 1)
(119, 62, 205)
(246, 88, 126)
(28, 188, 63)
(242, 15, 38)
(128, 182, 191)
(48, 39, 164)
(87, 176, 208)
(246, 201, 241)
(61, 237, 51)
(75, 200, 80)
(4, 31, 104)
(142, 32, 76)
(174, 75, 236)
(139, 89, 73)
(233, 255, 44)
(150, 157, 137)
(249, 100, 62)
(198, 146, 60)
(235, 247, 73)
(245, 94, 144)
(252, 112, 219)
(207, 39, 24)
(178, 139, 128)
(47, 199, 237)
(171, 184, 151)
(74, 89, 146)
(148, 148, 120)
(134, 37, 252)
(100, 68, 214)
(31, 186, 252)
(27, 61, 189)
(47, 124, 246)
(112, 145, 205)
(105, 4, 89)
(218, 127, 52)
(60, 248, 198)
(29, 37, 121)
(206, 83, 230)
(161, 91, 63)
(31, 90, 148)
(122, 225, 204)
(100, 247, 191)
(71, 57, 95)
(1, 182, 235)
(220, 238, 33)
(223, 235, 106)
(198, 146, 198)
(21, 23, 213)
(127, 237, 225)
(93, 224, 148)
(185, 199, 19)
(83, 96, 53)
(44, 239, 185)
(195, 162, 199)
(57, 57, 122)
(231, 80, 226)
(248, 100, 142)
(58, 229, 11)
(93, 51, 224)
(88, 171, 143)
(210, 47, 57)
(133, 194, 168)
(107, 135, 51)
(96, 118, 154)
(119, 61, 116)
(8, 60, 146)
(77, 105, 79)
(234, 78, 139)
(85, 94, 235)
(140, 109, 198)
